1,82.69000001569988
2,82.61000001569988
3,84.27000001569992
4,84.51000001569992
5,83.4800000156999
6,84.22000001569991
7,84.79000001569992
8,85.31000001569991
9,85.51000001569994
10,84.81000001569991
11,85.80000001569992
12,84.91000001569992
13,85.65000001569993
14,86.27000001569994
15,86.43000001569993
16,86.73000001569994
17,86.48000001569993
18,86.84000001569994
19,86.65000001569996
20,86.79000001569996
21,87.21000001569995
22,87.35000001569995
23,87.38000001569995
24,87.61000001569995
25,87.52000001569995
26,87.52000001569995
27,87.52000001569995
28,87.48000001569996
29,87.36000001569995
30,87.80000001569995
